-9 -12
-12 9
-12 -9
-15 0
13 0
0 13
0 13
0 -13
0 -13
0 -13
0 -13
-5 12
-5 -12
-12 5
-12 -5
-13 0
8 6
8 -6
6 8
0 10
0 -10
0 -10
0 -10
-6 8
-6 -8
-8 6
-8 -6
-10 0
4 3
4 -3
0 -5
0 -5
0 -5
0 -5
0 -5
-3 4
-13 9
-6 13
-9 6
10 1
10 1
7 -3
-5 2
5 -1
5 -1
0 5
0 5
0 5
0 5
0 5
0 5
1 2
1 2
1 2
1 2
2 -16
8 -13
14 4
-8 -9
10 2
-3 8
2 7
-7 1
-7 1
6 2
6 2
6 2
6 2
-6 -2
4 -4
10 -5
8 5
-6 -7
6 1
6 1
1 -4
1 -4
1 -4
1 -4
1 -4
-2 2
-2 2
-2 2
-2 2
-2 2
-2 2
-2 2
-2 2
-2 2
-2 2
-2 2
-2 2
-2 2
6 4
6 4
6 4
5 5
5 5
5 5
5 5
5 5
5 4
5 4
-2 -4
-2 -4
-2 -4
5 15
4 12
8 5
6 -6
6 -6
-1 -6
-1 -6
-1 -6
-1 -6
-1 -6
-1 -6
-1 -6
-1 -6
4 3
4 3
4 3
-6 4
1 1
1 1
1 1
1 1
1 1
1 1
1 1
1 1
1 1
1 1
1 1
1 1
1 1
1 1
1 1
1 1
1 1
11 -14
12 -4
7 -6
-4 8
-4 8
1 8
1 8
-4 7
-4 7
-5 -6
-7 0
-7 0
6 1
6 1
6 1
6 1
3 5
-5 -1
8 4
0 8
0 8
0 8
0 8
-3 -5
-3 -5
-3 -5
-3 -5
-3 -5
-3 -5
2 -5
2 -5
2 -5
2 -5
-2 4
1 16
-15 4
-6 -9
-7 3
4 6
0 7
0 7
0 7
-6 -1
-6 -1
-6 -1
3 5
3 5
3 5
-5 -3
-5 -3
-5 -3
-5 -3
-5 -3
