15
22
13 10 58 20 79 4 14 97 45 68 73 66 42 63 49 48 44 54 6 67 99 26 
23
80 74 58 49 47 38 13 87 59 3 45 75 20 34 9 70 73 52 30 16 96 85 21 
18
90 44 86 54 98 82 89 20 2 59 48 69 17 52 50 91 96 35 
22
74 38 89 61 12 8 58 33 70 99 62 85 77 54 32 31 47 78 55 14 75 51 
18
27 54 62 55 56 3 46 71 22 5 43 1 45 60 68 35 19 84 
21
97 3 1 73 90 15 78 66 40 46 33 2 11 22 59 64 54 89 37 18 27 
17
87 66 52 80 44 54 90 35 42 51 40 97 13 39 65 1 18 
24
82 81 13 72 8 1 7 100 3 25 78 75 21 53 50 19 27 69 80 44 54 41 32 12 
23
44 21 31 22 92 16 89 69 18 32 91 12 73 45 99 50 90 5 26 38 20 1 80 
25
60 91 29 73 55 47 27 49 99 75 33 84 9 25 71 12 3 46 51 48 100 24 96 83 53 
187
7610 1114 9836 8368 3650 1035 7472 6692 5761 1821 3889 8129 7559 835 8469 1858 6750 290 8122 5560 3483 9979 1691 5777 5398 128 8786 7225 8749 1471 6102 848 8374 4512 735 3707 6643 27 4751 110 823 1009 3994 8663 4752 232 2559 2814 8960 9324 1152 3046 5401 944 9397 7312 7591 4322 8581 1016 8619 7334 285 4710 404 9820 6265 3037 4200 8153 9589 4932 2357 1062 7016 5060 1327 6699 2632 6517 5926 965 2731 4773 4833 7074 1947 2868 7359 6377 638 7856 1443 429 3519 8501 2921 4315 9546 4223 6026 1216 3045 5294 5149 8229 6099 4280 7846 3438 2176 8740 9097 4238 1020 5169 6812 6899 4772 4194 8590 7391 5365 7021 9728 3453 3148 3126 2474 7912 6773 9204 6541 3256 4327 9366 860 7451 5714 6578 6593 1014 6289 5361 1384 5332 1741 5737 4872 2234 4222 8420 5447 4807 9737 1265 8258 9473 6769 6963 4472 9302 6169 1985 1779 2282 6777 6151 8671 5335 7207 4853 4994 5069 7259 696 5441 5617 2980 7547 9896 1644 7673 7088 1066 5725 8342 
218
6525 6918 3346 9159 2128 930 1519 2676 6269 724 2048 2537 6430 8841 5988 4559 5490 3319 287 9050 683 7542 7534 7470 1509 2989 7980 6707 3138 263 867 170 6612 1169 667 2051 4357 7757 1615 4565 1145 6976 4137 5705 1489 5936 7471 3180 7352 1563 4164 5393 1877 549 6405 4404 590 3533 4675 3561 3950 5057 5860 833 1814 1786 2964 3189 819 1724 6575 223 741 5821 2623 3006 3935 3491 5418 3130 4298 5302 3012 2254 3 133 1151 4422 1387 4831 5382 3249 5720 4692 4018 72 914 2735 3425 3119 2285 1507 3962 700 3877 4356 1616 1920 653 1919 102 699 2379 1035 1831 55 2433 1409 1183 4463 3807 137 2261 921 801 295 3258 215 3083 1441 1236 23 2303 723 363 3650 1027 1921 3450 1422 2112 858 3388 1017 2647 2394 3013 561 1812 1259 2458 143 2793 2339 780 66 2291 773 226 2245 2357 1807 100 387 1446 145 507 1135 874 38 501 1147 267 1886 1506 437 1139 172 1656 1225 1680 1449 67 179 1019 738 1081 473 316 814 197 995 443 782 939 86 910 105 91 821 816 566 88 799 417 156 484 555 107 383 126 58 1 77 65 212 203 163 
246
56 24 115 217 127 221 219 350 375 410 97 154 211 628 190 582 428 421 695 676 362 693 181 1011 327 1129 982 209 314 1131 90 1318 1099 532 30 247 10 593 384 346 1589 1348 1615 913 32 1897 873 499 1076 390 184 796 1504 1538 617 770 1090 852 891 724 1008 1257 1067 2425 108 1162 2501 962 1325 1955 2274 101 2394 1902 880 265 827 2736 2171 1988 1629 1863 3230 657 2980 331 3273 2112 43 2562 798 1340 2231 733 2116 3180 3433 73 3948 3846 3091 929 1750 2413 3247 2795 943 2538 974 3807 1158 1289 1924 3408 3853 4000 3697 1079 4811 2552 2842 3392 3778 2953 3387 3377 1133 3420 1858 1337 3281 3296 2652 3103 2090 3362 3443 1555 2426 1159 1636 1989 2879 3870 2818 5057 3760 1851 921 5809 4965 516 5789 6021 4269 1078 5628 3575 2649 4962 3042 746 4628 6432 3843 1084 5867 5534 4848 6649 679 2848 1920 1559 5879 1478 168 6654 1396 2894 4342 1994 5024 3128 1273 6026 6289 4745 2466 4233 1052 164 7011 3326 84 1598 623 5041 7280 2662 4706 2161 4371 2482 7588 258 2197 7152 4955 6452 8041 7442 6294 6392 1862 3834 3546 6290 8570 3931 5897 6937 6189 4971 7980 2055 1003 8293 8147 5814 3717 6374 1631 8594 4098 7950 2983 6413 2316 8624 3672 5318 5442 9074 5955 7479 
10
1 2 3 4 5 6 7 8 9 10 
10
10 9 8 7 6 5 4 3 2 1 
