10
12 36 5
-12 9
0 -15
12 -9
9 -12
-9 -12
15 0
-9 12
0 15
-15 0
9 12
-12 -9
12 9
-12 5
0 -13
13 0
-13 0
-5 -12
0 13
5 -12
-5 12
12 -5
12 5
5 12
-12 -5
8 6
0 10
-6 8
-8 6
8 -6
6 8
0 -10
-8 -6
-10 0
10 0
6 -8
-6 -8
-5 0
4 3
-3 4
-3 -4
0 -5
4 -3
-4 3
0 5
3 -4
3 4
5 0
-4 -3
3 19 2
-6 13
-13 9
-8 -17
-14 20
1 2
-9 6
10 1
6 10
7 -3
-5 2
5 -1
5 2
0 5
4 -7
-2 10
-6 7
-5 4
7 0
1 -1
10 5
0 -10
7 3
9 15 7
-9 -15
14 4
-10 -20
13 -12
2 -16
10 2
-3 8
-3 3
5 0
8 -13
-8 -9
-6 -2
2 7
-7 1
2 0
6 2
4 -4
7 -7
1 -2
5 7
-8 6
3 -8
3 0
4 2
3 23 1
10 -5
2 19
-13 -15
19 -19
8 5
-6 -7
6 1
-2 -8
1 -4
-6 1
-9 8
-10 -3
1 4
-2 2
-10 2
-10 -9
4 1
-10 3
-5 10
-6 -5
-9 -7
-10 -8
-7 -7
3 9
1 9
-3 6
3 13 2
6 4
-2 -4
4 18
-4 -13
-9 -5
-2 8
5 5
-3 -8
4 -9
-8 -9
3 -8
5 4
-7 -4
-1 2
3 -9
-10 -2
3 16 3
5 15
4 12
4 3
7 -20
8 5
6 -6
3 2
4 -9
-1 -6
-7 -5
-6 -6
-7 -10
-9 4
-9 -5
4 8
7 8
-3 -2
-10 3
-5 3
3 18 1
-1 -8
-6 4
20 -14
9 11
1 1
4 3
3 2
9 -5
3 1
2 -7
-2 4
-10 -3
3 5
8 -1
9 -7
2 5
10 -6
10 -2
5 -10
5 1
0 5
5 18 4
1 8
10 17
12 -4
-18 -20
11 -14
7 -6
-4 8
-4 7
-5 -6
-10 -7
1 0
-7 -5
3 5
9 -10
-7 0
6 1
8 -6
-2 -4
8 -5
6 7
5 8
4 0
-5 -1
5 16 3
-19 4
-3 -5
-20 15
8 4
2 -5
18 19
0 8
-5 8
-6 8
-5 -8
-3 0
-1 9
8 9
-1 -10
-6 6
7 0
-2 -4
-3 -7
-5 -3
-8 1
-2 4
5 19 5
-15 4
-6 -1
18 20
1 16
-7 3
-6 -9
4 6
0 7
3 5
-1 0
2 -3
-9 -7
-9 -8
-1 -3
8 6
-6 -6
-5 -3
-3 10
-6 -3
4 4
-4 5
6 1
-10 -5
-9 -9
