10
5
18 
53 68 
93 97 59 
14 60 15 2 
11 36 86 61 24 
10
4 
53 31 
93 91 92 
98 77 15 6 
29 7 59 12 68 
54 66 61 73 17 33 
36 42 2 78 24 10 75 
63 42 8 70 83 25 78 58 
17 86 57 88 39 26 20 80 97 
16 87 82 46 36 94 2 51 80 21 
9
51 
21 90 
50 81 42 
16 33 65 21 
35 23 61 93 77 
15 78 59 15 6 47 
66 70 51 65 52 81 86 
89 44 34 16 3 28 60 60 
44 77 91 58 84 38 75 49 89 
10
64 
1 25 
62 52 12 
35 2 85 66 
80 30 31 57 36 
32 8 77 57 30 83 
55 2 12 24 77 24 21 
22 50 15 7 72 40 27 46 
14 72 39 16 48 84 1 43 93 
53 31 96 25 81 81 61 70 36 58 
8
59 
71 15 
69 50 88 
3 20 5 76 
79 69 40 12 85 
49 27 12 85 12 66 
62 65 40 14 97 97 5 
81 53 63 100 88 71 43 28 
9
76 
67 59 
19 3 27 
43 15 6 50 
90 40 6 40 10 
99 20 76 18 55 46 
75 98 28 6 19 33 52 
60 40 95 90 76 72 1 19 
66 66 26 74 80 60 81 54 72 
6
59 
90 16 
53 33 77 
95 36 23 72 
45 78 30 45 68 
88 18 100 2 31 76 
10
2 
2 1 
1 1 1 
2 1 2 2 
1 1 2 2 1 
1 2 2 1 1 1 
2 1 1 1 2 1 2 
2 1 1 2 1 1 1 1 
1 1 2 1 1 2 2 1 2 
1 1 1 1 1 1 2 1 1 2 
10
5 
5 4 
2 8 8 
3 4 9 5 
4 3 9 9 9 
9 4 4 2 6 6 
6 7 4 9 6 6 5 
10 6 5 6 1 5 6 2 
6 4 3 5 5 2 7 7 7 
5 5 6 3 4 3 5 4 5 6 
1
1 
